0.045261 -0.116411 0.380000
-0.188964 0.093234 0.340000
0.254030 0.073950 0.300000
-0.157817 -0.259796 0.260000
-0.064973 0.327687 0.220000
0.287914 -0.211437 0.180000
-0.372509 -0.040464 0.140000
0.255659 0.290927 0.100000
0.008172 -0.395390 0.060000
-0.275888 0.288940 0.020000
0.398607 -0.026696 -0.020000
-0.308810 -0.247056 -0.060000
0.059565 0.382690 -0.100000
0.207602 -0.311932 -0.140000
-0.346807 0.085586 -0.180000
0.293221 0.160066 -0.220000
-0.098352 -0.287623 -0.260000
-0.105982 0.242421 -0.300000
0.192655 -0.085347 -0.340000
-0.118377 -0.039835 -0.380000
